35 35
4.03771e-05 0 0 7.12275e-11 2.61168e-10 -1.58283e-10 7.91417e-10 3.24481e-10 -2.05768e-10 6.48962e-10 2.29511e-10 7.12275e-11 2.0656e-09 -5.24709e-09 3.7988e-10 -5.72194e-09 -2.53649e-08 -1.94689e-09 -5.83037e-06 -4.78807e-09 1.6042e-08 8.30196e-09 -2.61959e-09 2.35051e-09 -3.80671e-09 -2.43756e-09 -4.9147e-09 9.41786e-10 -2.99947e-09 -4.90678e-10 -7.99331e-10 2.1764e-09 8.30988e-10 4.98593e-10 2.69082e-09 
0 4.03771e-05 0 -7.91417e-12 3.95708e-11 9.497e-11 3.00738e-10 -1.97854e-10 6.18731e-22 3.87794e-10 2.37425e-11 1.02884e-10 5.6982e-10 -1.6778e-09 3.71966e-10 -2.1764e-09 -8.73724e-09 -9.89271e-10 -2.022e-06 -1.60658e-09 5.52409e-09 2.92033e-09 -9.97185e-10 7.51846e-10 -1.36915e-09 -7.91417e-10 -1.85192e-09 2.45339e-10 -1.21087e-09 -1.66198e-10 -2.69082e-10 6.88533e-10 6.01477e-10 1.74112e-10 1.16338e-09 
0 0 4.03771e-05 8.15159e-10 1.39289e-09 -4.51108e-10 5.07298e-09 1.05258e-09 -1.40872e-09 4.8593e-09 1.07633e-09 -1.8994e-10 1.35491e-08 -3.59541e-08 4.56648e-09 -3.95946e-08 -1.73455e-07 -1.42455e-08 -3.99027e-05 -3.23848e-08 1.09675e-07 5.68633e-08 -1.844e-08 1.58916e-08 -2.64096e-08 -1.61845e-08 -3.30654e-08 5.84857e-09 -2.29353e-08 -2.92033e-09 -4.82764e-09 1.66752e-08 6.27594e-09 2.99156e-09 1.8812e-08 
7.12275e-11 -7.91417e-12 8.15159e-10 4.03785e-05 1.83237e-11 -1.66682e-10 -1.7708e-10 -4.56236e-11 1.58586e-10 -1.13302e-11 9.70253e-11 1.49941e-10 3.85767e-10 -7.84431e-11 -1.85228e-10 -3.03767e-11 -7.88146e-11 1.07217e-10 -1.33273e-10 1.12737e-11 6.51708e-12 1.65148e-11 -1.21337e-11 -1.82724e-10 -1.66367e-10 1.22217e-10 -2.09725e-11 -3.31858e-10 1.08868e-10 -1.88361e-10 1.00159e-10 1.1012e-10 -3.34923e-10 -5.70062e-11 1.4684e-10 
2.61168e-10 3.95708e-11 1.39289e-09 1.83237e-11 4.03784e-05 3.05463e-11 -2.72958e-11 -8.55901e-11 -5.18701e-11 2.35806e-10 1.54548e-10 9.94157e-11 1.87473e-10 -9.47601e-11 1.20138e-10 7.45426e-11 -1.90812e-10 -4.77313e-11 -8.54448e-11 -4.08529e-10 -1.56155e-10 -1.92286e-10 2.32862e-11 1.99417e-10 1.48593e-10 -6.5308e-11 -8.32643e-11 -1.28432e-10 -3.17132e-11 3.4249e-11 -9.74048e-11 -7.62142e-11 2.90725e-11 2.7534e-11 3.24525e-10 
-1.58283e-10 9.497e-11 -4.51108e-10 -1.66682e-10 3.05463e-11 4.03783e-05 2.44673e-10 1.74584e-10 -2.51977e-10 1.12761e-10 -1.92044e-10 -1.59289e-10 -1.2481e-10 4.50381e-11 -5.64894e-11 1.28484e-10 -1.05359e-10 -4.18918e-10 1.1906e-10 1.67805e-10 -5.28755e-11 -6.38988e-11 -2.97133e-10 -1.27677e-10 -5.88233e-11 -1.75626e-10 -4.95039e-12 6.04747e-11 2.10573e-10 2.03103e-11 -6.34345e-12 2.12835e-11 2.87668e-10 -2.60481e-11 1.23477e-11 
7.91417e-10 3.00738e-10 5.07298e-09 -1.7708e-10 -2.72958e-11 2.44673e-10 4.03787e-05 5.38486e-11 3.20039e-11 -2.44128e-11 -9.7958e-12 1.95985e-10 1.94026e-10 -2.90926e-11 2.68472e-10 -2.0593e-11 -1.95492e-10 -1.39976e-10 -1.8457e-11 1.2594e-11 1.38102e-10 -1.24971e-11 1.6757e-11 2.76047e-10 -7.98968e-11 -3.26334e-10 2.1472e-10 4.07983e-11 2.78086e-11 -1.17695e-10 7.09529e-11 1.02735e-10 2.15863e-10 7.19261e-11 -1.49755e-10 
3.24481e-10 -1.97854e-10 1.05258e-09 -4.56236e-11 -8.55901e-11 1.74584e-10 5.38486e-11 4.03785e-05 -1.63331e-11 -1.64704e-11 -1.32574e-10 -3.5424e-11 7.84391e-11 -6.66244e-11 -1.22928e-10 -9.10614e-11 -1.25133e-11 1.29465e-10 1.19682e-10 3.48078e-10 -1.58283e-10 1.07193e-10 2.23688e-10 6.27763e-11 3.51857e-11 -4.58981e-11 3.51353e-10 -1.58324e-10 -3.87512e-11 2.4355e-10 -1.00829e-10 1.6281e-10 -9.54303e-11 1.71515e-10 -6.37979e-11 
-2.05768e-10 5.24433e-22 -1.40872e-09 1.58586e-10 -5.18701e-11 -2.51977e-10 3.20039e-11 -1.63331e-11 4.03786e-05 -2.67006e-10 -2.5719e-10 -3.52641e-10 2.16267e-10 -3.12904e-10 7.92547e-11 -1.4109e-10 -2.86707e-10 -1.27882e-10 6.79972e-12 2.83255e-11 1.1614e-10 -1.4636e-10 -6.1145e-11 -7.30365e-11 -2.07287e-10 8.57153e-11 -6.22877e-11 -2.04266e-10 -1.77734e-10 5.9009e-11 2.57013e-10 -1.85995e-10 1.66678e-10 -1.9296e-10 2.49862e-11 
6.48962e-10 3.87794e-10 4.8593e-09 -1.13302e-11 2.35806e-10 1.12761e-10 -2.44128e-11 -1.64704e-11 -2.67006e-10 4.03787e-05 2.88302e-11 1.30051e-10 -5.86981e-11 9.72676e-11 1.41139e-10 5.95703e-11 3.07478e-10 1.01754e-11 -4.89629e-11 -4.95928e-11 -1.52255e-10 1.91422e-10 2.98998e-10 8.04055e-11 -9.93511e-11 -6.99758e-12 3.1903e-11 1.31072e-10 -1.17784e-10 -9.00358e-11 2.21286e-10 1.57593e-10 -1.41627e-10 8.60464e-12 -2.82528e-11 
2.29511e-10 2.37425e-11 1.07633e-09 9.70253e-11 1.54548e-10 -1.92044e-10 -9.7958e-12 -1.32574e-10 -2.5719e-10 2.88302e-11 4.03787e-05 1.96102e-10 -1.17077e-10 -9.69364e-11 -2.01529e-11 -1.50611e-12 -2.55474e-11 2.0469e-10 1.54326e-10 -5.41434e-11 2.4865e-11 -1.87251e-10 1.98218e-11 1.41938e-10 -3.62396e-11 -6.40886e-11 -8.23679e-11 -6.38746e-11 -1.10298e-10 -9.07707e-11 -7.18736e-11 9.92582e-11 -2.05284e-11 -4.96614e-11 7.44295e-11 
7.12275e-11 1.02884e-10 -1.8994e-10 1.49941e-10 9.94157e-11 -1.59289e-10 1.95985e-10 -3.5424e-11 -3.52641e-10 1.30051e-10 1.96102e-10 4.03783e-05 2.39969e-11 -6.1888e-11 1.93925e-10 1.08222e-10 -1.14836e-11 -1.68778e-10 -9.71868e-11 -1.18805e-10 -1.56705e-10 1.10334e-10 1.891e-10 1.57072e-10 1.31407e-10 2.17276e-10 9.497e-11 3.36352e-11 -4.32089e-11 4.98334e-10 -1.72315e-10 -5.11958e-11 1.58728e-11 2.93268e-11 -2.58927e-10 
2.0656e-09 5.6982e-10 1.35491e-08 3.85767e-10 1.87473e-10 -1.2481e-10 1.94026e-10 7.84391e-11 2.16267e-10 -5.86981e-11 -1.17077e-10 2.39969e-11 4.03783e-05 3.81051e-11 2.5285e-11 -6.44359e-11 -3.05261e-11 3.46164e-11 -1.13851e-10 1.06042e-10 5.24516e-11 -1.82438e-10 -2.6739e-10 -9.64398e-11 -9.41907e-11 -1.93732e-10 1.60706e-12 6.3495e-11 -1.44708e-10 2.60001e-10 1.90598e-10 2.71432e-10 8.61231e-11 1.21567e-10 -8.91838e-11 
-5.24709e-09 -1.6778e-09 -3.59541e-08 -7.84431e-11 -9.47601e-11 4.50381e-11 -2.90926e-11 -6.66244e-11 -3.12904e-10 9.72676e-11 -9.69364e-11 -6.1888e-11 3.81051e-11 4.03783e-05 -4.40125e-11 9.02417e-11 -6.34385e-11 -3.65303e-11 1.56793e-10 -1.12603e-10 -3.40107e-11 8.42738e-11 4.3221e-11 8.69791e-11 -2.51477e-11 2.48525e-10 3.97445e-11 -2.23414e-11 -3.79129e-10 -1.53579e-10 -8.09224e-11 -2.72017e-10 2.94294e-10 2.81761e-11 3.20439e-10 
3.7988e-10 3.71966e-10 4.56648e-09 -1.85228e-10 1.20138e-10 -5.64894e-11 2.68472e-10 -1.22928e-10 7.92547e-11 1.41139e-10 -2.01529e-11 1.93925e-10 2.5285e-11 -4.40125e-11 4.03785e-05 2.34897e-10 -1.14965e-10 -3.04647e-10 1.27677e-11 -3.79242e-10 -1.39923e-10 -5.08405e-11 -1.94059e-11 2.41907e-11 -1.16956e-10 -3.51898e-11 2.08797e-11 -1.53062e-10 8.84166e-11 1.88862e-10 -3.1007e-10 8.46008e-11 -3.83635e-11 1.60807e-10 -5.9009e-11 
-5.72194e-09 -2.1764e-09 -3.95946e-08 -3.03767e-11 7.45426e-11 1.28484e-10 -2.0593e-11 -9.10614e-11 -1.4109e-10 5.95703e-11 -1.50611e-12 1.08222e-10 -6.44359e-11 9.02417e-11 2.34897e-10 4.03782e-05 -4.86318e-11 1.7565e-10 3.33025e-10 1.69278e-10 -1.74435e-11 -1.80693e-10 -7.21078e-11 7.01494e-11 1.35768e-10 1.80128e-10 8.71245e-11 2.01072e-10 3.22018e-11 -3.6662e-10 -2.60093e-10 -2.85354e-10 7.51281e-11 -2.09362e-10 3.74267e-11 
-2.53649e-08 -8.73724e-09 -1.73455e-07 -7.88146e-11 -1.90812e-10 -1.05359e-10 -1.95492e-10 -1.25133e-11 -2.86707e-10 3.07478e-10 -2.55474e-11 -1.14836e-11 -3.05261e-11 -6.34385e-11 -1.14965e-10 -4.86318e-11 4.03781e-05 -3.23431e-11 -2.13759e-10 1.83459e-10 7.95495e-11 4.43759e-12 3.94214e-11 -1.65091e-10 4.96453e-11 -1.47107e-10 1.78432e-11 1.39992e-11 4.14242e-11 3.04861e-10 -2.61761e-10 -2.50144e-11 1.88062e-10 3.21073e-10 -1.6579e-10 
-1.94689e-09 -9.89271e-10 -1.42455e-08 1.07217e-10 -4.77313e-11 -4.18918e-10 -1.39976e-10 1.29465e-10 -1.27882e-10 1.01754e-11 2.0469e-10 -1.68778e-10 3.46164e-11 -3.65303e-11 -3.04647e-10 1.7565e-10 -3.23431e-11 4.03783e-05 -1.45164e-10 2.72651e-10 -1.45887e-11 -4.19693e-11 -2.6355e-11 1.50591e-10 3.32193e-11 -8.77463e-11 -3.58722e-11 -1.58861e-10 1.42294e-10 6.53969e-11 -6.75773e-11 7.08924e-11 2.74787e-10 7.91821e-11 1.39552e-10 
-5.83037e-06 -2.022e-06 -3.99027e-05 -1.33273e-10 -8.54448e-11 1.1906e-10 -1.8457e-11 1.19682e-10 6.79972e-12 -4.89629e-11 1.54326e-10 -9.71868e-11 -1.13851e-10 1.56793e-10 1.27677e-11 3.33025e-10 -2.13759e-10 -1.45164e-10 4.03783e-05 -1.16895e-11 1.57787e-10 1.48423e-10 -1.0303e-10 -8.71366e-11 -1.75048e-10 -1.52388e-10 -2.94169e-10 -3.55903e-10 1.92924e-10 1.99469e-11 1.62806e-10 6.83203e-11 -1.182e-10 1.82607e-10 -4.68995e-11 
-4.78807e-09 -1.60658e-09 -3.23848e-08 1.12737e-11 -4.08529e-10 1.67805e-10 1.2594e-11 3.48078e-10 2.83255e-11 -4.95928e-11 -5.41434e-11 -1.18805e-10 1.06042e-10 -1.12603e-10 -3.79242e-10 1.69278e-10 1.83459e-10 2.72651e-10 -1.16895e-11 4.03781e-05 -1.84792e-10 -1.64966e-10 -3.51857e-11 -9.70132e-11 -1.67833e-10 1.13015e-10 5.33439e-11 2.76293e-10 4.38138e-10 -1.54072e-10 -9.14934e-11 -1.49198e-11 1.44102e-10 -3.13922e-10 2.18609e-11 
1.6042e-08 5.52409e-09 1.09675e-07 6.51708e-12 -1.56155e-10 -5.28755e-11 1.38102e-10 -1.58283e-10 1.1614e-10 -1.52255e-10 2.4865e-11 -1.56705e-10 5.24516e-11 -3.40107e-11 -1.39923e-10 -1.74435e-11 7.95495e-11 -1.45887e-11 1.57787e-10 -1.84792e-10 4.03786e-05 -3.21735e-10 3.11293e-10 6.11248e-11 1.83782e-10 1.45403e-11 -5.51731e-11 -9.02457e-12 1.19734e-10 3.82303e-11 -6.02163e-11 5.6558e-11 2.04177e-10 -6.26269e-12 -1.20974e-10 
8.30196e-09 2.92033e-09 5.68633e-08 1.65148e-11 -1.92286e-10 -6.38988e-11 -1.24971e-11 1.07193e-10 -1.4636e-10 1.91422e-10 -1.87251e-10 1.10334e-10 -1.82438e-10 8.42738e-11 -5.08405e-11 -1.80693e-10 4.43759e-12 -4.19693e-11 1.48423e-10 -1.64966e-10 -3.21735e-10 4.03781e-05 2.63283e-10 -5.6986e-11 2.01194e-10 -1.84085e-11 1.00623e-11 1.6239e-10 6.41815e-11 1.50664e-10 1.35336e-10 -2.1659e-10 3.17172e-10 1.30564e-10 7.70339e-11 
-2.61959e-09 -9.97185e-10 -1.844e-08 -1.21337e-11 2.32862e-11 -2.97133e-10 1.6757e-11 2.23688e-10 -6.1145e-11 2.98998e-10 1.98218e-11 1.891e-10 -2.6739e-10 4.3221e-11 -1.94059e-11 -7.21078e-11 3.94214e-11 -2.6355e-11 -1.0303e-10 -3.51857e-11 3.11293e-10 2.63283e-10 4.03785e-05 -1.55295e-10 -9.63469e-11 -3.14952e-11 -7.57297e-11 2.7465e-10 2.95772e-11 -1.96643e-10 -2.04068e-10 1.5389e-10 1.79652e-10 2.41495e-10 1.1157e-10 
2.35051e-09 7.51846e-10 1.58916e-08 -1.82724e-10 1.99417e-10 -1.27677e-10 2.76047e-10 6.27763e-11 -7.30365e-11 8.04055e-11 1.41938e-10 1.57072e-10 -9.64398e-11 8.69791e-11 2.41907e-11 7.01494e-11 -1.65091e-10 1.50591e-10 -8.71366e-11 -9.70132e-11 6.11248e-11 -5.6986e-11 -1.55295e-10 4.03782e-05 -7.86652e-11 2.54683e-10 3.30053e-11 -1.22266e-10 -8.76979e-11 -3.12997e-10 1.60948e-11 2.49983e-11 1.58627e-10 2.83501e-10 -1.63411e-11 
-3.80671e-09 -1.36915e-09 -2.64096e-08 -1.66367e-10 1.48593e-10 -5.88233e-11 -7.98968e-11 3.51857e-11 -2.07287e-10 -9.93511e-11 -3.62396e-11 1.31407e-10 -9.41907e-11 -2.51477e-11 -1.16956e-10 1.35768e-10 4.96453e-11 3.32193e-11 -1.75048e-10 -1.67833e-10 1.83782e-10 2.01194e-10 -9.63469e-11 -7.86652e-11 4.03784e-05 -4.71539e-11 -1.19023e-10 9.7849e-11 3.13664e-10 1.07508e-10 -2.23943e-10 1.35752e-11 -3.51333e-11 2.01012e-10 -2.38539e-10 
-2.43756e-09 -7.91417e-10 -1.61845e-08 1.22217e-10 -6.5308e-11 -1.75626e-10 -3.26334e-10 -4.58981e-11 8.57153e-11 -6.99758e-12 -6.40886e-11 2.17276e-10 -1.93732e-10 2.48525e-10 -3.51898e-11 1.80128e-10 -1.47107e-10 -8.77463e-11 -1.52388e-10 1.13015e-10 1.45403e-11 -1.84085e-11 -3.14952e-11 2.54683e-10 -4.71539e-11 4.03784e-05 -7.21562e-12 -1.21462e-10 3.68283e-10 8.30826e-11 -1.5366e-10 8.55901e-11 5.66792e-11 9.42836e-11 -9.53173e-11 
-4.9147e-09 -1.85192e-09 -3.30654e-08 -2.09725e-11 -8.32643e-11 -4.95039e-12 2.1472e-10 3.51353e-10 -6.22877e-11 3.1903e-11 -8.23679e-11 9.497e-11 1.60706e-12 3.97445e-11 2.08797e-11 8.71245e-11 1.78432e-11 -3.58722e-11 -2.94169e-10 5.33439e-11 -5.51731e-11 1.00623e-11 -7.57297e-11 3.30053e-11 -1.19023e-10 -7.21562e-12 4.03786e-05 3.5021e-10 -1.74839e-10 2.57525e-10 -1.16924e-10 1.14259e-10 6.18678e-11 6.31805e-10 -5.08606e-11 
9.41786e-10 2.45339e-10 5.84857e-09 -3.31858e-10 -1.28432e-10 6.04747e-11 4.07983e-11 -1.58324e-10 -2.04266e-10 1.31072e-10 -6.38746e-11 3.36352e-11 6.3495e-11 -2.23414e-11 -1.53062e-10 2.01072e-10 1.39992e-11 -1.58861e-10 -3.55903e-10 2.76293e-10 -9.02457e-12 1.6239e-10 2.7465e-10 -1.22266e-10 9.7849e-11 -1.21462e-10 3.5021e-10 4.03785e-05 1.88075e-10 -1.09438e-10 -4.03178e-11 8.79159e-11 1.71612e-10 -5.71758e-11 -8.92928e-11 
-2.99947e-09 -1.21087e-09 -2.29353e-08 1.08868e-10 -3.17132e-11 2.10573e-10 2.78086e-11 -3.87512e-11 -1.77734e-10 -1.17784e-10 -1.10298e-10 -4.32089e-11 -1.44708e-10 -3.79129e-10 8.84166e-11 3.22018e-11 4.14242e-11 1.42294e-10 1.92924e-10 4.38138e-10 1.19734e-10 6.41815e-11 2.95772e-11 -8.76979e-11 3.13664e-10 3.68283e-10 -1.74839e-10 1.88075e-10 4.03786e-05 -2.56217e-10 -3.66995e-10 6.76217e-11 1.89153e-10 -1.57758e-11 -1.13019e-11 
-4.90678e-10 -1.66198e-10 -2.92033e-09 -1.88361e-10 3.4249e-11 2.03103e-11 -1.17695e-10 2.4355e-10 5.9009e-11 -9.00358e-11 -9.07707e-11 4.98334e-10 2.60001e-10 -1.53579e-10 1.88862e-10 -3.6662e-10 3.04861e-10 6.53969e-11 1.99469e-11 -1.54072e-10 3.82303e-11 1.50664e-10 -1.96643e-10 -3.12997e-10 1.07508e-10 8.30826e-11 2.57525e-10 -1.09438e-10 -2.56217e-10 4.0378e-05 -1.36297e-10 -3.12016e-10 -4.09849e-10 -2.79629e-10 3.78883e-10 
-7.99331e-10 -2.69082e-10 -4.82764e-09 1.00159e-10 -9.74048e-11 -6.34345e-12 7.09529e-11 -1.00829e-10 2.57013e-10 2.21286e-10 -7.18736e-11 -1.72315e-10 1.90598e-10 -8.09224e-11 -3.1007e-10 -2.60093e-10 -2.61761e-10 -6.75773e-11 1.62806e-10 -9.14934e-11 -6.02163e-11 1.35336e-10 -2.04068e-10 1.60948e-11 -2.23943e-10 -1.5366e-10 -1.16924e-10 -4.03178e-11 -3.66995e-10 -1.36297e-10 4.03784e-05 -4.38913e-11 6.65032e-12 6.69837e-11 -1.2957e-10 
2.1764e-09 6.88533e-10 1.66752e-08 1.1012e-10 -7.62142e-11 2.12835e-11 1.02735e-10 1.6281e-10 -1.85995e-10 1.57593e-10 9.92582e-11 -5.11958e-11 2.71432e-10 -2.72017e-10 8.46008e-11 -2.85354e-10 -2.50144e-11 7.08924e-11 6.83203e-11 -1.49198e-11 5.6558e-11 -2.1659e-10 1.5389e-10 2.49983e-11 1.35752e-11 8.55901e-11 1.14259e-10 8.79159e-11 6.76217e-11 -3.12016e-10 -4.38913e-11 4.03782e-05 -7.20553e-11 -6.74319e-12 -8.21862e-11 
8.30988e-10 6.01477e-10 6.27594e-09 -3.34923e-10 2.90725e-11 2.87668e-10 2.15863e-10 -9.54303e-11 1.66678e-10 -1.41627e-10 -2.05284e-11 1.58728e-11 8.61231e-11 2.94294e-10 -3.83635e-11 7.51281e-11 1.88062e-10 2.74787e-10 -1.182e-10 1.44102e-10 2.04177e-10 3.17172e-10 1.79652e-10 1.58627e-10 -3.51333e-11 5.66792e-11 6.18678e-11 1.71612e-10 1.89153e-10 -4.09849e-10 6.65032e-12 -7.20553e-11 4.03782e-05 1.83669e-10 -1.53559e-11 
4.98593e-10 1.74112e-10 2.99156e-09 -5.70062e-11 2.7534e-11 -2.60481e-11 7.19261e-11 1.71515e-10 -1.9296e-10 8.60464e-12 -4.96614e-11 2.93268e-11 1.21567e-10 2.81761e-11 1.60807e-10 -2.09362e-10 3.21073e-10 7.91821e-11 1.82607e-10 -3.13922e-10 -6.26269e-12 1.30564e-10 2.41495e-10 2.83501e-10 2.01012e-10 9.42836e-11 6.31805e-10 -5.71758e-11 -1.57758e-11 -2.79629e-10 6.69837e-11 -6.74319e-12 1.83669e-10 4.03785e-05 -8.31391e-12 
2.69082e-09 1.16338e-09 1.8812e-08 1.4684e-10 3.24525e-10 1.23477e-11 -1.49755e-10 -6.37979e-11 2.49862e-11 -2.82528e-11 7.44295e-11 -2.58927e-10 -8.91838e-11 3.20439e-10 -5.9009e-11 3.74267e-11 -1.6579e-10 1.39552e-10 -4.68995e-11 2.18609e-11 -1.20974e-10 7.70339e-11 1.1157e-10 -1.63411e-11 -2.38539e-10 -9.53173e-11 -5.08606e-11 -8.92928e-11 -1.13019e-11 3.78883e-10 -1.2957e-10 -8.21862e-11 -1.53559e-11 -8.31391e-12 4.03783e-05 
